0 0.479347 0.523974 0.097472 0.112396 0
0 0.657375 0.454844 0.120306 0.116729 1
0 0.362588 0.420440 0.094898 0.089130 2
0 0.325042 0.515305 0.094713 0.082984 3
0 0.316222 0.355544 0.123537 0.037495 4
0 0.387736 0.271016 0.108398 0.042906 5
0 0.366801 0.240719 0.116565 0.038448 6
0 0.253829 0.915833 0.127046 0.100906 8
0 0.935690 0.668797 0.110120 0.066906 9
0 0.774704 0.713961 0.111944 0.104484 10
0 0.299292 0.285208 0.064231 0.051531 12
0 0.135324 0.488141 0.079259 0.094937 13
0 0.140801 0.407523 0.090102 0.071214 14
0 0.110472 0.637659 0.109278 0.053807 15
0 0.049704 0.591523 0.067556 0.073016 16
