0 0.736042 0.321719 0.119546 0.130979 36
0 0.643894 0.048648 0.125046 0.095609 42
0 0.708042 0.631143 0.170083 0.140370 43
0 0.754120 0.247659 0.104093 0.083474 44
0 0.173750 0.582003 0.176241 0.135599 46
0 0.116009 0.246685 0.221481 0.122818 47
0 0.502255 0.294268 0.084509 0.072953 48
0 0.111236 0.327891 0.151657 0.056302 49
0 0.777278 0.431857 0.125315 0.088911 50
0 0.453917 0.601594 0.106333 0.152292 51
0 0.347958 0.465331 0.090435 0.143078 52
0 0.383333 0.152721 0.091611 0.090036 54
0 0.460208 0.179966 0.121102 0.062786 55
