0 0.397977 0.521766 0.097472 0.112396 0
0 0.570412 0.456378 0.120306 0.116724 1
0 0.314958 0.425461 0.090102 0.089130 2
0 0.275792 0.521240 0.083157 0.082990 3
0 0.260509 0.363529 0.123537 0.037495 4
0 0.335477 0.274333 0.108398 0.042906 5
0 0.312421 0.244974 0.116565 0.038448 6
0 0.219880 0.927911 0.130241 0.100906 8
0 0.888620 0.673534 0.110130 0.066911 9
0 0.722495 0.724453 0.111954 0.104490 10
0 0.252634 0.290065 0.064231 0.051536 12
0 0.071884 0.500471 0.077194 0.094932 13
0 0.091106 0.414758 0.090102 0.071214 14
0 0.061009 0.648534 0.109278 0.053807 15
