0 0.553532 0.504997 0.097472 0.112401 0
0 0.726051 0.434878 0.120306 0.116724 1
0 0.416032 0.411503 0.094898 0.089130 2
0 0.370495 0.505013 0.094713 0.082984 3
0 0.374352 0.344070 0.123537 0.037495 4
0 0.438616 0.259836 0.108398 0.042911 5
0 0.418519 0.231328 0.116556 0.038448 6
0 0.299051 0.903547 0.127046 0.100906 8
0 0.831741 0.707562 0.111944 0.104490 10
0 0.196306 0.476878 0.079259 0.094932 13
0 0.202190 0.395081 0.090102 0.071214 14
0 0.162222 0.625711 0.109278 0.053807 15
0 0.107060 0.579750 0.067565 0.073010 16
0 0.038903 0.603052 0.053528 0.077354 17
