0 0.693690 0.508070 0.097472 0.112401 0
0 0.868944 0.437440 0.120296 0.116724 1
0 0.540264 0.400497 0.094898 0.089130 2
0 0.515417 0.334857 0.123537 0.037495 4
0 0.566037 0.251893 0.108389 0.042411 5
0 0.554597 0.221602 0.117491 0.038443 6
0 0.400986 0.891260 0.127046 0.100906 8
0 0.935949 0.706292 0.121972 0.099865 10
0 0.328736 0.465104 0.083787 0.094937 13
0 0.326417 0.384331 0.092870 0.071214 14
0 0.284176 0.609844 0.109278 0.053802 15
0 0.153560 0.586667 0.066306 0.077354 17
0 0.221181 0.559651 0.081028 0.068625 18
