0 0.571731 0.504997 0.097481 0.112401 0
0 0.742435 0.434367 0.120296 0.116724 1
0 0.433324 0.412529 0.094889 0.089130 2
0 0.384375 0.503221 0.094713 0.082984 3
0 0.396194 0.343560 0.123537 0.037495 4
0 0.459551 0.255740 0.108398 0.042906 5
0 0.444912 0.226208 0.116565 0.038448 6
0 0.309065 0.903036 0.127037 0.100906 8
0 0.845398 0.707562 0.111944 0.104490 10
0 0.212231 0.477518 0.079259 0.094932 13
0 0.223125 0.390477 0.090102 0.071214 14
0 0.174963 0.622128 0.109278 0.053807 15
0 0.122532 0.579750 0.067565 0.073010 16
0 0.050736 0.603052 0.053528 0.077354 17
