0 0.369995 0.531013 0.097472 0.112401 0
0 0.539778 0.458091 0.120296 0.116724 1
0 0.267495 0.430883 0.090102 0.089130 2
0 0.246324 0.529159 0.083167 0.082984 3
0 0.211472 0.365609 0.123870 0.035375 4
0 0.286926 0.279797 0.108389 0.042906 5
0 0.269556 0.246427 0.130241 0.038448 6
0 0.076208 0.593854 0.108676 0.066604 7
0 0.175028 0.936688 0.130241 0.100906 8
0 0.851796 0.675424 0.110130 0.062505 9
0 0.689528 0.727456 0.111944 0.104484 10
0 0.675505 0.638659 0.075546 0.105974 11
0 0.202861 0.296992 0.064241 0.051536 12
