0 0.738477 0.321719 0.119546 0.130979 36
0 0.645116 0.049339 0.132361 0.097677 42
0 0.714944 0.636625 0.170074 0.140375 43
0 0.765083 0.249714 0.104093 0.083469 44
0 0.191398 0.587648 0.189611 0.139005 46
0 0.119667 0.252169 0.218426 0.122818 47
0 0.505301 0.298721 0.084509 0.072953 48
0 0.115704 0.329036 0.160593 0.058594 49
0 0.779713 0.431857 0.125315 0.088911 50
0 0.458787 0.606391 0.106333 0.152292 51
0 0.365014 0.469445 0.090435 0.143078 52
0 0.388208 0.154091 0.091620 0.090036 54
0 0.469954 0.185435 0.145463 0.073786 55
