0 0.721903 0.507047 0.097472 0.112396 0
0 0.908079 0.433854 0.120306 0.116729 1
0 0.572574 0.400753 0.094889 0.089130 2
0 0.548185 0.335367 0.123537 0.037495 4
0 0.611542 0.251380 0.108398 0.042417 5
0 0.586449 0.224672 0.117491 0.038448 6
0 0.422829 0.891260 0.127046 0.100906 8
0 0.948856 0.706805 0.102287 0.099859 10
0 0.369690 0.463568 0.083787 0.094938 13
0 0.365556 0.381260 0.092870 0.071208 14
0 0.314213 0.608818 0.109278 0.053802 15
0 0.184505 0.585646 0.066306 0.077354 17
0 0.253486 0.559651 0.067380 0.068625 18
