0 0.369634 0.535755 0.097472 0.112396 0
0 0.539778 0.460164 0.120296 0.116724 1
0 0.262032 0.433445 0.090102 0.089130 2
0 0.241644 0.529305 0.083157 0.082984 3
0 0.202981 0.365953 0.123870 0.035375 4
0 0.280468 0.279224 0.108398 0.042906 5
0 0.263204 0.246682 0.130241 0.038448 6
0 0.068023 0.596927 0.108676 0.066604 7
0 0.170704 0.938990 0.130241 0.100906 8
0 0.845556 0.676180 0.110130 0.062505 9
0 0.683759 0.728992 0.111944 0.104484 10
0 0.674231 0.638659 0.075537 0.105974 11
0 0.197074 0.297437 0.064241 0.051531 12
