0 0.583560 0.504997 0.097472 0.112401 0
0 0.751537 0.435388 0.120296 0.116724 1
0 0.444245 0.408945 0.094898 0.089130 2
0 0.390977 0.501430 0.094713 0.082984 3
0 0.406204 0.339977 0.123537 0.037495 4
0 0.463190 0.254719 0.108398 0.042906 5
0 0.454009 0.224161 0.116556 0.038448 6
0 0.319079 0.900987 0.127046 0.100901 8
0 0.853583 0.700659 0.111944 0.099859 10
0 0.221787 0.477135 0.079259 0.094937 13
0 0.226764 0.390477 0.090102 0.071214 14
0 0.184065 0.621617 0.109278 0.053807 15
0 0.127991 0.578727 0.067556 0.073016 16
0 0.061653 0.601516 0.053528 0.077354 17
