0 0.737375 0.498344 0.097472 0.112396 0
0 0.925370 0.432831 0.120296 0.116724 1
0 0.594417 0.401779 0.094889 0.089130 2
0 0.569120 0.334857 0.123537 0.037495 4
0 0.619736 0.248823 0.108398 0.042417 5
0 0.601009 0.225185 0.117500 0.038443 6
0 0.446495 0.889724 0.127046 0.100906 8
0 0.959778 0.708341 0.080444 0.099859 10
0 0.386981 0.463055 0.083796 0.094932 13
0 0.378296 0.380747 0.092870 0.071214 14
0 0.327861 0.608305 0.109278 0.053807 15
0 0.195426 0.585135 0.066296 0.077354 17
0 0.272597 0.559141 0.067380 0.068625 18
