0 0.261370 0.572122 0.195926 0.158172 46
0 0.296917 0.140094 0.281241 0.135469 47
0 0.257773 0.238102 0.173435 0.069797 49
0 0.913991 0.516318 0.159389 0.178323 51
0 0.499426 0.048680 0.107463 0.097359 54
0 0.637222 0.082458 0.183278 0.133448 55
0 0.470569 0.383477 0.139509 0.169120 56
0 0.084926 0.246799 0.122019 0.047766 57
0 0.297556 0.302076 0.155963 0.072703 58
0 0.209370 0.470094 0.156907 0.109583 59
0 0.079361 0.601714 0.156611 0.078187 60
0 0.721569 0.450370 0.159009 0.091219 61
0 0.548870 0.477320 0.068444 0.051536 62
