0 0.433255 0.527443 0.097472 0.112396 0
0 0.601005 0.454852 0.120306 0.116724 1
0 0.331667 0.421336 0.094889 0.089130 2
0 0.289551 0.519911 0.094713 0.082990 3
0 0.281898 0.360792 0.123537 0.037490 4
0 0.352731 0.273005 0.108389 0.042906 5
0 0.333722 0.242318 0.116556 0.038448 6
0 0.227736 0.925732 0.127046 0.100901 8
0 0.904106 0.673917 0.110120 0.066906 9
0 0.737199 0.724453 0.111954 0.104490 10
0 0.269384 0.289688 0.064231 0.051531 12
0 0.097102 0.499917 0.079259 0.094937 13
0 0.110773 0.415201 0.090102 0.071214 14
0 0.075454 0.647385 0.109278 0.053802 15
0 0.032417 0.590432 0.064833 0.070365 16
