0 0.915616 0.480049 0.130435 0.117193 64
0 0.904972 0.318281 0.168815 0.150542 66
0 0.888995 0.406729 0.213750 0.056260 67
0 0.619213 0.221344 0.217407 0.230604 72
0 0.470301 0.466469 0.201343 0.183917 81
0 0.484616 0.303294 0.248250 0.106255 85
0 0.243796 0.584427 0.224148 0.187104 86
0 0.381625 0.183747 0.325139 0.094828 87
0 0.242713 0.101596 0.349204 0.091526 88
0 0.317708 0.460901 0.175750 0.164771 89
0 0.133227 0.392206 0.226935 0.188286 90
0 0.264185 0.365878 0.125759 0.085630 91
0 0.324301 0.271714 0.114880 0.086771 92
