0 0.780509 0.319312 0.113426 0.126167 36
0 0.653894 0.046388 0.132361 0.092578 42
0 0.745815 0.635940 0.170074 0.140370 43
0 0.804079 0.240461 0.116287 0.086891 44
0 0.201106 0.584234 0.189620 0.139000 46
0 0.147704 0.247029 0.209259 0.122818 47
0 0.544287 0.286659 0.084519 0.072953 48
0 0.136824 0.322411 0.165056 0.059740 49
0 0.784588 0.431857 0.125306 0.088911 50
0 0.483157 0.611190 0.106333 0.152286 51
0 0.388773 0.467732 0.090435 0.143078 52
0 0.406486 0.147237 0.091620 0.090036 54
0 0.480917 0.179266 0.145463 0.073781 55
