0 0.737255 0.321719 0.119546 0.130979 36
0 0.644505 0.048995 0.128694 0.096646 42
0 0.714130 0.636625 0.170074 0.140375 43
0 0.760213 0.249029 0.104093 0.083474 44
0 0.188972 0.588500 0.189611 0.139000 46
0 0.116009 0.252169 0.221481 0.122818 47
0 0.505301 0.296664 0.084509 0.072953 48
0 0.113472 0.328464 0.156130 0.057448 49
0 0.778495 0.431857 0.125306 0.088911 50
0 0.457574 0.601594 0.106333 0.152292 51
0 0.357704 0.463961 0.090426 0.143078 52
0 0.385773 0.153404 0.091620 0.090036 54
0 0.461426 0.180654 0.121093 0.062786 55
