0 0.246093 0.557909 0.195926 0.158172 46
0 0.281120 0.130469 0.281241 0.135469 47
0 0.248301 0.226253 0.173435 0.069797 49
0 0.905037 0.500917 0.159389 0.178323 51
0 0.467838 0.041276 0.107454 0.082552 54
0 0.622481 0.077721 0.183278 0.133443 55
0 0.463199 0.371630 0.139509 0.169115 56
0 0.079134 0.237026 0.122009 0.047771 57
0 0.284148 0.293586 0.155963 0.072703 58
0 0.203472 0.466857 0.156907 0.109578 59
0 0.076727 0.588388 0.153454 0.084109 60
0 0.711394 0.440102 0.159009 0.091224 61
0 0.542556 0.469029 0.068444 0.051536 62
