0 0.668208 0.503464 0.097472 0.112396 0
0 0.840727 0.435388 0.120306 0.116724 1
0 0.521606 0.400753 0.094898 0.089130 2
0 0.489935 0.335880 0.123537 0.037490 4
0 0.544194 0.251133 0.108389 0.042911 5
0 0.533194 0.223135 0.116556 0.038448 6
0 0.389153 0.893818 0.127046 0.100906 8
0 0.920472 0.701685 0.121981 0.099859 10
0 0.306889 0.465104 0.083796 0.094937 13
0 0.308213 0.384844 0.092870 0.071208 14
0 0.257787 0.612659 0.109278 0.053807 15
0 0.136264 0.589229 0.066306 0.077354 17
0 0.206616 0.561188 0.081028 0.068625 18
