0 0.369273 0.537599 0.097472 0.112396 0
0 0.539778 0.462109 0.120296 0.116729 1
0 0.260366 0.434128 0.090102 0.089130 2
0 0.239301 0.529378 0.083157 0.082984 3
0 0.198731 0.366125 0.123870 0.035375 4
0 0.277745 0.278844 0.108398 0.042906 5
0 0.261690 0.247365 0.130231 0.038448 6
0 0.065292 0.596927 0.108676 0.066604 7
0 0.169111 0.940016 0.130241 0.100906 8
0 0.844773 0.676766 0.110120 0.062510 9
0 0.681028 0.728992 0.111944 0.104484 10
0 0.673593 0.638659 0.075537 0.105974 11
0 0.194014 0.298393 0.064231 0.051536 12
