0 0.746477 0.495784 0.097472 0.112401 0
0 0.930833 0.431294 0.120296 0.116724 1
0 0.606704 0.398706 0.094889 0.089130 2
0 0.577306 0.333320 0.123537 0.037495 4
0 0.622468 0.248310 0.108398 0.042411 5
0 0.610106 0.220065 0.117491 0.038443 6
0 0.449227 0.889724 0.127046 0.100906 8
0 0.962509 0.708852 0.074981 0.099859 10
0 0.396083 0.462286 0.083796 0.094937 13
0 0.388759 0.378701 0.092870 0.071214 14
0 0.336963 0.605747 0.109278 0.053807 15
0 0.206347 0.582062 0.066306 0.077354 17
0 0.280792 0.558115 0.067380 0.068625 18
