0 0.856463 0.551823 0.185593 0.131906 81
0 0.652532 0.649867 0.158009 0.152453 86
0 0.408491 0.720622 0.271556 0.213214 94
0 0.527681 0.574203 0.290065 0.098719 95
0 0.903579 0.326638 0.192843 0.091276 97
0 0.814917 0.258440 0.249519 0.075411 98
0 0.443815 0.320362 0.214278 0.068276 99
0 0.204250 0.285172 0.135333 0.057781 100
0 0.947282 0.413862 0.105435 0.081755 101
0 0.748657 0.333378 0.122648 0.076203 102
0 0.510269 0.438383 0.300741 0.092078 103
0 0.676639 0.192622 0.258685 0.100266 104
0 0.111847 0.190052 0.223694 0.089979 105
0 0.119032 0.359219 0.229435 0.091010 106
0 0.191398 0.597523 0.208352 0.113630 107
0 0.150921 0.919802 0.296065 0.099635 108
