0 0.543810 0.512849 0.097472 0.112396 0
0 0.710583 0.437951 0.120296 0.116724 1
0 0.398218 0.411503 0.094898 0.089130 2
0 0.357755 0.505013 0.094713 0.082984 3
0 0.364343 0.347654 0.123537 0.037495 4
0 0.417056 0.261302 0.108389 0.042906 5
0 0.402167 0.232214 0.116556 0.038448 6
0 0.284773 0.906107 0.127046 0.100901 8
0 0.815657 0.709609 0.111944 0.104490 10
0 0.342843 0.279888 0.064241 0.051536 12
0 0.185384 0.476878 0.079250 0.094932 13
0 0.187681 0.398073 0.090102 0.071208 14
0 0.150972 0.626396 0.109278 0.053802 15
0 0.095213 0.579750 0.067556 0.073010 16
0 0.030403 0.602542 0.053528 0.077354 17
