0 0.546245 0.512167 0.097472 0.112396 0
0 0.723324 0.435388 0.120296 0.116724 1
0 0.410569 0.411503 0.094898 0.089130 2
0 0.364125 0.505013 0.094713 0.082984 3
0 0.369343 0.345862 0.123537 0.037495 4
0 0.434977 0.259836 0.108398 0.042911 5
0 0.413963 0.231328 0.116556 0.038448 6
0 0.290866 0.906107 0.127046 0.100901 8
0 0.824463 0.707562 0.111944 0.104490 10
0 0.190843 0.476878 0.079259 0.094932 13
0 0.197644 0.396617 0.090102 0.071214 14
0 0.155852 0.625711 0.109278 0.053807 15
0 0.098870 0.579750 0.067556 0.073010 16
0 0.031620 0.602542 0.053519 0.077354 17
