0 0.729644 0.502693 0.097472 0.112396 0
0 0.916722 0.433341 0.120296 0.116724 1
0 0.588046 0.401779 0.094889 0.089130 2
0 0.559102 0.336393 0.123537 0.037495 4
0 0.616097 0.247797 0.108398 0.042417 5
0 0.592819 0.225698 0.117491 0.038448 6
0 0.432843 0.890747 0.127037 0.100901 8
0 0.952954 0.707828 0.094093 0.099865 10
0 0.375153 0.463568 0.083787 0.094938 13
0 0.371926 0.381260 0.092870 0.071208 14
0 0.320583 0.609841 0.109278 0.053807 15
0 0.192699 0.585135 0.066306 0.077354 17
0 0.264407 0.559651 0.067370 0.068625 18
