0 0.239250 0.557315 0.195926 0.158172 46
0 0.268491 0.121141 0.281241 0.135469 47
0 0.906269 0.491443 0.159389 0.178323 51
0 0.458884 0.038164 0.107454 0.076328 54
0 0.607741 0.067651 0.183278 0.133448 55
0 0.465569 0.353417 0.139509 0.169115 56
0 0.072819 0.229622 0.122009 0.047766 57
0 0.276074 0.285492 0.155963 0.072703 58
0 0.189787 0.454813 0.156907 0.109583 59
0 0.076204 0.579505 0.152407 0.084104 60
0 0.708931 0.430823 0.159009 0.091219 61
0 0.536236 0.460589 0.068454 0.051531 62
0 0.067199 0.327518 0.134398 0.119057 63
