0 0.462060 0.530117 0.097472 0.112401 0
0 0.622338 0.457148 0.120306 0.116724 1
0 0.339856 0.422872 0.094898 0.089130 2
0 0.301380 0.518888 0.094704 0.082984 3
0 0.296454 0.358232 0.123537 0.037495 4
0 0.359773 0.271469 0.108398 0.042906 5
0 0.346213 0.243464 0.116556 0.038448 6
0 0.235625 0.924026 0.127046 0.100906 8
0 0.920671 0.673404 0.110120 0.066911 9
0 0.748759 0.724453 0.111944 0.104490 10
0 0.280273 0.289688 0.064231 0.051531 12
0 0.114394 0.496333 0.079250 0.094937 13
0 0.126245 0.412641 0.090102 0.071208 14
0 0.088176 0.643289 0.109278 0.053807 15
0 0.035824 0.592294 0.069833 0.073016 16
