0 0.385394 0.522354 0.097472 0.112396 0
0 0.545241 0.457706 0.120296 0.116724 1
0 0.298440 0.426789 0.090102 0.089130 2
0 0.268972 0.523010 0.083167 0.082990 3
0 0.247139 0.363086 0.123537 0.037495 4
0 0.325250 0.277432 0.108389 0.042906 5
0 0.301407 0.246302 0.116556 0.038448 6
0 0.204148 0.932336 0.130241 0.100901 8
0 0.885472 0.676617 0.110130 0.062505 9
0 0.708333 0.724896 0.111944 0.104490 10
0 0.702537 0.637122 0.075537 0.105974 11
0 0.236903 0.294490 0.064231 0.051531 12
0 0.064546 0.501948 0.077185 0.094938 13
0 0.074847 0.418888 0.090102 0.071214 14
0 0.047630 0.650305 0.091963 0.053807 15
