0 0.368903 0.539443 0.097472 0.112396 0
0 0.539778 0.464055 0.120296 0.116724 1
0 0.258699 0.434810 0.090102 0.089130 2
0 0.236963 0.529453 0.083167 0.082990 3
0 0.197278 0.366740 0.123870 0.035375 4
0 0.275028 0.278458 0.108389 0.042906 5
0 0.260176 0.248047 0.130241 0.038448 6
0 0.064079 0.596755 0.108676 0.066604 7
0 0.167519 0.941036 0.130241 0.100906 8
0 0.843995 0.677349 0.110120 0.062510 9
0 0.680574 0.731807 0.111944 0.104490 10
0 0.672954 0.638659 0.075537 0.105974 11
0 0.191588 0.298052 0.064231 0.051531 12
