0 0.250833 0.558503 0.195926 0.158172 46
0 0.285333 0.133578 0.281241 0.135469 47
0 0.248301 0.226253 0.173435 0.069797 49
0 0.908722 0.504471 0.159389 0.178328 51
0 0.476259 0.042755 0.107463 0.085510 54
0 0.629852 0.080682 0.183278 0.133448 55
0 0.465653 0.375578 0.139509 0.169115 56
0 0.078079 0.241766 0.122009 0.047771 57
0 0.286606 0.296154 0.155972 0.072703 58
0 0.205583 0.467052 0.156907 0.109583 59
0 0.078046 0.591052 0.155037 0.084104 60
0 0.712097 0.443260 0.159009 0.091219 61
0 0.543606 0.472583 0.068454 0.051531 62
