0 0.739694 0.321719 0.119556 0.130979 36
0 0.647310 0.048602 0.132361 0.096401 42
0 0.715759 0.636625 0.170074 0.140375 43
0 0.769958 0.250401 0.104102 0.083469 44
0 0.193824 0.586797 0.189611 0.139000 46
0 0.123324 0.252169 0.215370 0.122818 47
0 0.515042 0.295706 0.084509 0.072953 48
0 0.117935 0.329609 0.165056 0.059740 49
0 0.780935 0.431857 0.125315 0.088911 50
0 0.460009 0.611187 0.106333 0.152292 51
0 0.368060 0.469445 0.090435 0.143078 52
0 0.390648 0.154776 0.091611 0.090031 54
0 0.472694 0.183893 0.145463 0.073786 55
