0 0.369995 0.533911 0.097472 0.112396 0
0 0.539778 0.458219 0.120296 0.116729 1
0 0.264764 0.432164 0.090102 0.089130 2
0 0.243981 0.529232 0.083167 0.082984 3
0 0.207231 0.365781 0.123870 0.035375 4
0 0.283190 0.279607 0.108398 0.042911 5
0 0.266380 0.246557 0.130241 0.038448 6
0 0.070750 0.596927 0.108685 0.066604 7
0 0.172296 0.937966 0.130241 0.100901 8
0 0.846333 0.675594 0.110130 0.062510 9
0 0.686491 0.728992 0.111944 0.104484 10
0 0.674866 0.638659 0.075546 0.105974 11
0 0.200134 0.296479 0.064231 0.051531 12
