0 0.375458 0.522138 0.097472 0.112401 0
0 0.541602 0.457706 0.120296 0.116724 1
0 0.291157 0.430883 0.090111 0.089130 2
0 0.259194 0.524406 0.083167 0.082990 3
0 0.236204 0.364622 0.116278 0.037495 4
0 0.313421 0.277943 0.108398 0.042906 5
0 0.290491 0.246302 0.125648 0.038448 6
0 0.187769 0.933359 0.130241 0.100906 8
0 0.878190 0.676107 0.110120 0.062505 9
0 0.700148 0.724385 0.111944 0.104490 10
0 0.694343 0.638659 0.075537 0.105974 11
0 0.224162 0.295000 0.064231 0.051531 12
0 0.053593 0.502172 0.077185 0.094937 13
0 0.063986 0.420953 0.090102 0.071208 14
0 0.045796 0.650305 0.088296 0.053807 15
