0 0.391681 0.522060 0.097472 0.112401 0
0 0.557037 0.457706 0.120296 0.116724 1
0 0.308662 0.425461 0.090102 0.089130 2
0 0.272384 0.522125 0.083157 0.082990 3
0 0.253435 0.363529 0.123537 0.037495 4
0 0.329181 0.273891 0.108398 0.042906 5
0 0.307704 0.245859 0.116556 0.038448 6
0 0.217523 0.929240 0.130231 0.100906 8
0 0.882324 0.673974 0.110130 0.066906 9
0 0.719352 0.724453 0.111944 0.104490 10
0 0.712759 0.636680 0.075537 0.105974 11
0 0.248699 0.288294 0.064231 0.051536 12
0 0.068218 0.501208 0.077194 0.094938 13
0 0.082977 0.416823 0.090102 0.071208 14
0 0.054319 0.649419 0.100620 0.053807 15
