0 0.379097 0.522651 0.097472 0.112396 0
0 0.543421 0.457706 0.120306 0.116724 1
0 0.292977 0.430883 0.090102 0.089130 2
0 0.265565 0.523893 0.083167 0.082984 3
0 0.243481 0.363086 0.116278 0.037495 4
0 0.316148 0.277432 0.108389 0.042906 5
0 0.295037 0.246302 0.116556 0.038448 6
0 0.197778 0.933359 0.130241 0.100906 8
0 0.881829 0.676362 0.110120 0.062505 9
0 0.703787 0.724385 0.111944 0.104490 10
0 0.697074 0.637122 0.075537 0.105974 11
0 0.228708 0.295000 0.064231 0.051531 12
0 0.060875 0.502682 0.077194 0.094937 13
0 0.066718 0.420953 0.090102 0.071208 14
0 0.046713 0.650305 0.090130 0.053807 15
