0 0.673662 0.504742 0.097472 0.112401 0
0 0.848921 0.435388 0.120306 0.116724 1
0 0.528889 0.399732 0.094889 0.089130 2
0 0.495398 0.335367 0.123537 0.037495 4
0 0.552384 0.249333 0.108398 0.042417 5
0 0.538213 0.223135 0.117500 0.038448 6
0 0.391884 0.893818 0.127046 0.100906 8
0 0.925023 0.705781 0.121972 0.099865 10
0 0.312352 0.465104 0.083796 0.094937 13
0 0.314287 0.384674 0.092870 0.071214 14
0 0.265972 0.612914 0.109278 0.053807 15
0 0.140819 0.589229 0.066306 0.077354 17
0 0.208440 0.561188 0.081028 0.068625 18
