0 0.474801 0.525510 0.097472 0.112396 0
0 0.636444 0.455357 0.120296 0.116724 1
0 0.353940 0.421466 0.094898 0.089130 2
0 0.314125 0.516328 0.094713 0.082990 3
0 0.312130 0.356315 0.123537 0.037495 4
0 0.382273 0.271016 0.108398 0.042906 5
0 0.360431 0.240719 0.116565 0.038448 6
0 0.246542 0.917880 0.127046 0.100906 8
0 0.930685 0.670844 0.110130 0.066906 9
0 0.765602 0.714216 0.111944 0.104484 10
0 0.296106 0.285721 0.064231 0.051536 12
0 0.126227 0.492237 0.079250 0.094932 13
0 0.134431 0.410081 0.090102 0.071214 14
0 0.104556 0.640219 0.109278 0.053802 15
0 0.046069 0.591523 0.074824 0.073016 16
