0 0.407421 0.521323 0.097472 0.112396 0
0 0.582310 0.455232 0.120306 0.116724 1
0 0.316532 0.423247 0.090102 0.089130 2
0 0.284444 0.519911 0.083167 0.082990 3
0 0.269167 0.362643 0.123537 0.037495 4
0 0.337833 0.273005 0.108389 0.042906 5
0 0.324222 0.242318 0.116556 0.038448 6
0 0.225389 0.926583 0.130241 0.100906 8
0 0.892551 0.673534 0.110120 0.066911 9
0 0.725639 0.724453 0.111944 0.104490 10
0 0.257352 0.290065 0.064241 0.051536 12
0 0.085259 0.497375 0.077185 0.094937 13
0 0.099755 0.413872 0.090102 0.071214 14
0 0.067296 0.648534 0.109278 0.053807 15
