0 0.267685 0.575086 0.195926 0.158172 46
0 0.299731 0.143453 0.281241 0.135469 47
0 0.262690 0.240667 0.173435 0.069792 49
0 0.920306 0.521651 0.159389 0.178323 51
0 0.506801 0.049568 0.107454 0.099135 54
0 0.645648 0.086016 0.183278 0.133448 55
0 0.475486 0.387031 0.139509 0.169115 56
0 0.086505 0.249466 0.122009 0.047766 57
0 0.303032 0.305036 0.155972 0.072708 58
0 0.211056 0.472937 0.156907 0.109583 59
0 0.079361 0.609708 0.156611 0.072260 60
0 0.724032 0.453331 0.159009 0.091224 61
0 0.555194 0.483245 0.068444 0.051531 62
