0 0.700968 0.509604 0.097472 0.112396 0
0 0.877134 0.437440 0.120306 0.116724 1
0 0.545269 0.400242 0.094889 0.089130 2
0 0.529074 0.335367 0.123537 0.037495 4
0 0.577866 0.250357 0.108398 0.042411 5
0 0.559144 0.222625 0.117491 0.038448 6
0 0.404329 0.891260 0.127046 0.100906 8
0 0.940667 0.706805 0.118667 0.099859 10
0 0.343296 0.466128 0.083796 0.094932 13
0 0.345537 0.381260 0.092870 0.071208 14
0 0.294190 0.608307 0.109287 0.053802 15
0 0.158111 0.587693 0.066296 0.077354 17
0 0.232102 0.559651 0.081019 0.068625 18
