0 0.740912 0.321719 0.119546 0.130979 36
0 0.649505 0.047865 0.132361 0.095125 42
0 0.716569 0.636625 0.170083 0.140375 43
0 0.774833 0.251086 0.104093 0.083474 44
0 0.196250 0.585943 0.189611 0.139000 46
0 0.126986 0.252169 0.212306 0.122818 47
0 0.524792 0.292690 0.084509 0.072953 48
0 0.125250 0.327552 0.165056 0.059740 49
0 0.782148 0.431857 0.125315 0.088911 50
0 0.466102 0.611875 0.106333 0.152292 51
0 0.371106 0.469445 0.090435 0.143078 52
0 0.395926 0.152263 0.091611 0.090036 54
0 0.475435 0.182352 0.145463 0.073786 55
