0 0.255046 0.569164 0.195926 0.158172 46
0 0.291130 0.136839 0.281241 0.135469 47
0 0.253565 0.233362 0.173444 0.069797 49
0 0.913991 0.505656 0.159389 0.178323 51
0 0.495218 0.048680 0.107454 0.097359 54
0 0.633537 0.081573 0.183278 0.133448 55
0 0.468106 0.379529 0.139509 0.169120 56
0 0.083347 0.244135 0.122009 0.047771 57
0 0.292079 0.299115 0.155972 0.072708 58
0 0.207685 0.467250 0.156907 0.109583 59
0 0.079361 0.593719 0.156611 0.084104 60
0 0.716829 0.446815 0.159009 0.091224 61
0 0.546241 0.474951 0.068444 0.051536 62
