0 0.368181 0.543128 0.097472 0.112401 0
0 0.539778 0.467945 0.120296 0.116724 1
0 0.255356 0.436174 0.090102 0.089130 2
0 0.231171 0.529068 0.080324 0.082990 3
0 0.194366 0.367966 0.123861 0.035380 4
0 0.272310 0.277732 0.108398 0.042214 5
0 0.258250 0.247589 0.130241 0.038448 6
0 0.061653 0.596417 0.108676 0.066604 7
0 0.166398 0.942063 0.130241 0.100906 8
0 0.842435 0.678521 0.110130 0.062510 9
0 0.681176 0.734625 0.111944 0.104490 10
0 0.671681 0.638659 0.075546 0.105974 11
0 0.186731 0.297370 0.064241 0.051531 12
