0 0.679125 0.506021 0.097472 0.112396 0
0 0.858019 0.437440 0.120296 0.116724 1
0 0.535259 0.400753 0.094889 0.089130 2
0 0.505407 0.335112 0.123537 0.037495 4
0 0.556935 0.250357 0.108389 0.042411 5
0 0.541856 0.223135 0.117491 0.038448 6
0 0.396440 0.892539 0.127046 0.100901 8
0 0.926843 0.706292 0.121981 0.099865 10
0 0.320546 0.465104 0.083796 0.094937 13
0 0.320352 0.384503 0.092870 0.071214 14
0 0.275986 0.611380 0.109287 0.053802 15
0 0.149921 0.586667 0.066306 0.077354 17
0 0.215718 0.560677 0.081028 0.068625 18
