0 0.489356 0.523974 0.097472 0.112396 0
0 0.666477 0.451773 0.120306 0.116724 1
0 0.370847 0.419555 0.094898 0.089130 2
0 0.335968 0.514279 0.094713 0.082984 3
0 0.320315 0.354779 0.123537 0.037495 4
0 0.393199 0.271016 0.108398 0.042906 5
0 0.373171 0.240719 0.116565 0.038448 6
0 0.260199 0.914297 0.127046 0.100906 8
0 0.945319 0.667260 0.109361 0.066906 9
0 0.783806 0.713703 0.111944 0.104490 10
0 0.302477 0.284698 0.064231 0.051531 12
0 0.141699 0.487630 0.079250 0.094938 13
0 0.148995 0.405474 0.090102 0.071208 14
0 0.116389 0.635099 0.109278 0.053802 15
0 0.065176 0.589987 0.067556 0.073016 16
