0 0.527431 0.521552 0.097472 0.112396 0
0 0.694199 0.444607 0.120306 0.116724 1
0 0.383657 0.418159 0.094889 0.089130 2
0 0.347569 0.510440 0.094713 0.082984 3
0 0.350685 0.350216 0.123537 0.037495 4
0 0.413412 0.266932 0.108398 0.042906 5
0 0.395343 0.234771 0.116556 0.038448 6
0 0.272032 0.911227 0.127046 0.100901 8
0 0.958060 0.660859 0.083880 0.066906 9
0 0.805190 0.711146 0.111954 0.104490 10
0 0.330560 0.280143 0.064231 0.051536 12
0 0.161722 0.479948 0.079259 0.094937 13
0 0.170847 0.402169 0.090102 0.071214 14
0 0.137324 0.628956 0.109278 0.053807 15
0 0.084292 0.584870 0.067565 0.073010 16
0 0.026764 0.602542 0.053528 0.077354 17
