0 0.213944 0.504003 0.183222 0.158172 46
0 0.254796 0.063932 0.281241 0.127271 47
0 0.920833 0.401406 0.152019 0.172396 51
0 0.546134 0.035646 0.183287 0.071292 55
0 0.483551 0.281201 0.139509 0.169120 56
0 0.054273 0.168021 0.108546 0.047771 57
0 0.157139 0.413938 0.156907 0.133271 59
0 0.072727 0.540812 0.145454 0.103646 60
0 0.060616 0.270044 0.121231 0.133286 63
0 0.587213 0.560911 0.130593 0.095385 64
0 0.357657 0.465841 0.126315 0.123182 65
0 0.613005 0.416370 0.140046 0.110771 66
0 0.531394 0.488044 0.193769 0.050349 67
