0 0.565356 0.504997 0.097472 0.112401 0
0 0.736065 0.434367 0.120296 0.116724 1
0 0.421491 0.411503 0.094889 0.089130 2
0 0.377782 0.505013 0.094713 0.082984 3
0 0.385269 0.343815 0.123537 0.037495 4
0 0.452273 0.259836 0.108398 0.042911 5
0 0.436722 0.231328 0.116556 0.038448 6
0 0.308153 0.903036 0.127046 0.100906 8
0 0.837204 0.707562 0.111944 0.104490 10
0 0.202676 0.477901 0.079259 0.094938 13
0 0.206745 0.394570 0.090102 0.071214 14
0 0.167676 0.624688 0.109278 0.053802 15
0 0.114343 0.579750 0.067556 0.073010 16
0 0.044361 0.603052 0.053519 0.077354 17
