0 0.716440 0.507557 0.097472 0.112396 0
0 0.895338 0.436414 0.120306 0.116724 1
0 0.565292 0.400753 0.094898 0.089130 2
0 0.539083 0.335880 0.123537 0.037490 4
0 0.597894 0.253430 0.108398 0.042411 5
0 0.579167 0.223651 0.117500 0.038448 6
0 0.411000 0.891260 0.127037 0.100906 8
0 0.944759 0.706805 0.110481 0.099859 10
0 0.364231 0.463568 0.083796 0.094938 13
0 0.352815 0.381260 0.092870 0.071208 14
0 0.305111 0.608563 0.109278 0.053802 15
0 0.176315 0.588203 0.066296 0.077354 17
0 0.247116 0.559651 0.067380 0.068625 18
