0 0.369995 0.525211 0.097472 0.112401 0
0 0.539778 0.457836 0.120296 0.116724 1
0 0.277199 0.430883 0.090102 0.089130 2
0 0.251005 0.529013 0.083157 0.082984 3
0 0.228921 0.364622 0.116287 0.037495 4
0 0.297944 0.281526 0.108389 0.042906 5
0 0.278426 0.246302 0.127944 0.038448 6
0 0.181093 0.934724 0.130241 0.100906 8
0 0.862718 0.675083 0.110120 0.062510 9
0 0.695593 0.724385 0.111944 0.104490 10
0 0.682509 0.638659 0.075537 0.105974 11
0 0.215972 0.294490 0.064241 0.051531 12
0 0.039940 0.500125 0.077194 0.094938 13
