0 0.536532 0.514385 0.097472 0.112396 0
0 0.704208 0.440508 0.120306 0.116724 1
0 0.391852 0.413555 0.094889 0.089130 2
0 0.351440 0.509161 0.094713 0.082990 3
0 0.358880 0.349190 0.123537 0.037495 4
0 0.417056 0.261815 0.108389 0.042911 5
0 0.399435 0.234771 0.116556 0.038448 6
0 0.276579 0.911227 0.127046 0.100901 8
0 0.811106 0.709609 0.111954 0.104490 10
0 0.336477 0.279888 0.064231 0.051536 12
0 0.168093 0.475854 0.079259 0.094937 13
0 0.181310 0.400122 0.090102 0.071214 14
0 0.140963 0.628956 0.109278 0.053807 15
0 0.085204 0.581799 0.067556 0.073016 16
0 0.028583 0.602542 0.053519 0.077354 17
