0 0.708255 0.509604 0.097472 0.112396 0
0 0.885324 0.437951 0.120296 0.116724 1
0 0.558009 0.401779 0.094889 0.089130 2
0 0.534074 0.335625 0.123537 0.037490 4
0 0.584241 0.251893 0.108389 0.042411 5
0 0.569153 0.224161 0.117491 0.038448 6
0 0.407662 0.891260 0.127046 0.100906 8
0 0.942713 0.706805 0.114574 0.099859 10
0 0.357861 0.464078 0.083796 0.094937 13
0 0.349176 0.381260 0.092870 0.071208 14
0 0.296009 0.608307 0.109278 0.053802 15
0 0.165394 0.587693 0.066306 0.077354 17
0 0.235741 0.559651 0.081019 0.068625 18
