0 0.785056 0.319057 0.113426 0.126167 36
0 0.656083 0.045651 0.132352 0.091302 42
0 0.755556 0.635940 0.170074 0.140370 43
0 0.813181 0.236620 0.116287 0.086896 44
0 0.203532 0.583380 0.189620 0.139000 46
0 0.164759 0.241888 0.209259 0.122818 47
0 0.554032 0.283643 0.084509 0.072953 48
0 0.141083 0.319328 0.165056 0.059740 49
0 0.787639 0.431857 0.120444 0.088911 50
0 0.491685 0.611190 0.106333 0.152286 51
0 0.395472 0.465331 0.090426 0.143078 52
0 0.415019 0.143133 0.098926 0.092797 54
0 0.501634 0.172401 0.157657 0.087510 55
