0 0.368542 0.541286 0.097472 0.112396 0
0 0.539778 0.466003 0.120296 0.116724 1
0 0.257028 0.435492 0.090111 0.089130 2
0 0.234620 0.529526 0.083167 0.082990 3
0 0.195824 0.367352 0.123870 0.035380 4
0 0.272310 0.278078 0.108398 0.042906 5
0 0.258657 0.248729 0.130241 0.038448 6
0 0.062866 0.596589 0.108676 0.066604 7
0 0.165926 0.942063 0.130241 0.100906 8
0 0.843213 0.677935 0.110130 0.062505 9
0 0.680120 0.734625 0.111944 0.104490 10
0 0.672319 0.638659 0.075546 0.105974 11
0 0.189157 0.297708 0.064241 0.051531 12
