0 0.468431 0.527813 0.097472 0.112396 0
0 0.630074 0.457914 0.120296 0.116724 1
0 0.345296 0.422487 0.094889 0.089130 2
0 0.307755 0.517607 0.094713 0.082984 3
0 0.303935 0.357849 0.123537 0.037490 4
0 0.374051 0.273000 0.108398 0.042906 5
0 0.355731 0.242701 0.116556 0.038443 6
0 0.239264 0.922490 0.127046 0.100906 8
0 0.925676 0.672891 0.110130 0.066906 9
0 0.750130 0.724453 0.111944 0.104490 10
0 0.284356 0.289688 0.064231 0.051531 12
0 0.120310 0.494284 0.079250 0.094932 13
0 0.130338 0.411362 0.090102 0.071214 14
0 0.096370 0.641753 0.109278 0.053807 15
0 0.037880 0.592039 0.074833 0.073016 16
