0 0.241361 0.557315 0.195926 0.158172 46
0 0.276907 0.127359 0.281241 0.135469 47
0 0.248301 0.226253 0.173435 0.069797 49
0 0.901352 0.497365 0.159389 0.178323 51
0 0.464676 0.040682 0.107463 0.081365 54
0 0.616690 0.076240 0.183287 0.133448 55
0 0.463986 0.365560 0.139509 0.169120 56
0 0.076505 0.235841 0.122009 0.047766 57
0 0.281690 0.291018 0.155972 0.072703 58
0 0.201370 0.466659 0.156907 0.109578 59
0 0.076204 0.587203 0.152407 0.084104 60
0 0.710690 0.436943 0.159009 0.091219 61
0 0.540449 0.466214 0.068454 0.051531 62
