0 0.919991 0.480049 0.130444 0.117193 64
0 0.910444 0.317049 0.168815 0.150547 66
0 0.894343 0.404271 0.211315 0.056260 67
0 0.628241 0.221656 0.216852 0.229979 72
0 0.496282 0.462471 0.189843 0.174057 81
0 0.492250 0.301961 0.243519 0.104484 85
0 0.249824 0.584427 0.212093 0.187104 86
0 0.407333 0.182823 0.325148 0.094823 87
0 0.258028 0.101596 0.349204 0.091526 88
0 0.338130 0.459464 0.175759 0.164771 89
0 0.134319 0.392206 0.226935 0.188286 90
0 0.286060 0.356943 0.110454 0.080073 91
0 0.333056 0.273562 0.114870 0.086771 92
