0 0.749440 0.321719 0.119546 0.130979 36
0 0.651699 0.047125 0.132361 0.093854 42
0 0.732407 0.635940 0.170074 0.140370 43
0 0.785796 0.244917 0.104093 0.083469 44
0 0.198676 0.585089 0.189611 0.139000 46
0 0.130648 0.252169 0.209259 0.122818 47
0 0.534542 0.289674 0.084509 0.072953 48
0 0.132556 0.325495 0.165056 0.059740 49
0 0.783370 0.431857 0.125315 0.088911 50
0 0.473407 0.611875 0.106333 0.152292 51
0 0.382069 0.470130 0.090435 0.143073 52
0 0.401204 0.149750 0.091611 0.090031 54
0 0.478176 0.180807 0.145463 0.073781 55
