0 0.514690 0.522323 0.097472 0.112396 0
0 0.681912 0.448190 0.120306 0.116724 1
0 0.381838 0.418669 0.094898 0.089130 2
0 0.343699 0.511721 0.094713 0.082984 3
0 0.342500 0.351237 0.123537 0.037495 4
0 0.406134 0.265398 0.108398 0.042911 5
0 0.391245 0.234771 0.116565 0.038448 6
0 0.267477 0.911227 0.127046 0.100901 8
0 0.949870 0.659581 0.100259 0.066911 9
0 0.799278 0.712680 0.111944 0.104484 10
0 0.324644 0.280401 0.064231 0.051531 12
0 0.155352 0.484047 0.079259 0.094937 13
0 0.160380 0.404216 0.090111 0.071214 14
0 0.122759 0.633049 0.109278 0.053807 15
0 0.077917 0.589987 0.067556 0.073016 16
