0 0.586292 0.504487 0.097472 0.112401 0
0 0.760639 0.435904 0.120296 0.116724 1
0 0.452435 0.405362 0.094889 0.089130 2
0 0.397574 0.499638 0.094704 0.082984 3
0 0.409843 0.339977 0.123537 0.037495 4
0 0.468653 0.254719 0.108398 0.042906 5
0 0.464935 0.223648 0.116556 0.038443 6
0 0.322718 0.900987 0.127046 0.100901 8
0 0.857231 0.700148 0.111944 0.099859 10
0 0.231343 0.476750 0.079259 0.094937 13
0 0.230407 0.390477 0.090111 0.071214 14
0 0.189519 0.621617 0.109278 0.053807 15
0 0.066208 0.601003 0.053528 0.077359 17
