0 0.369995 0.528112 0.097472 0.112401 0
0 0.539778 0.457961 0.120296 0.116724 1
0 0.272347 0.430883 0.090102 0.089130 2
0 0.248662 0.529086 0.083157 0.082984 3
0 0.215269 0.366669 0.116278 0.037495 4
0 0.290662 0.279990 0.108398 0.042906 5
0 0.272722 0.246302 0.130241 0.038448 6
0 0.177759 0.935406 0.130241 0.100906 8
0 0.857255 0.675253 0.110120 0.062505 9
0 0.692560 0.725922 0.111954 0.104490 10
0 0.676139 0.638659 0.075537 0.105974 11
0 0.213241 0.295000 0.064241 0.051531 12
0 0.040852 0.508565 0.077185 0.081130 13
