0 0.371819 0.521625 0.097472 0.112396 0
0 0.539778 0.457706 0.120296 0.116724 1
0 0.282056 0.430883 0.090111 0.089130 2
0 0.255102 0.526711 0.083167 0.082984 3
0 0.232565 0.364622 0.116278 0.037495 4
0 0.299764 0.277943 0.108398 0.042906 5
0 0.284120 0.246302 0.125648 0.038448 6
0 0.184431 0.934042 0.130231 0.100906 8
0 0.870907 0.675083 0.110130 0.062510 9
0 0.697870 0.724385 0.111944 0.104490 10
0 0.686153 0.638659 0.075546 0.105974 11
0 0.220065 0.294745 0.064241 0.051531 12
0 0.046764 0.501148 0.077194 0.094932 13
0 0.060347 0.419930 0.090102 0.071214 14
0 0.044880 0.650305 0.086463 0.053807 15
