0 0.455685 0.530117 0.097481 0.112401 0
0 0.614602 0.456380 0.120296 0.116729 1
0 0.335759 0.422102 0.094889 0.089130 2
0 0.295468 0.519401 0.094713 0.082990 3
0 0.290083 0.359255 0.123537 0.037490 4
0 0.356134 0.273005 0.108398 0.042906 5
0 0.339843 0.243464 0.116556 0.038448 6
0 0.231681 0.924878 0.127046 0.100901 8
0 0.915667 0.673917 0.110130 0.066906 9
0 0.747398 0.724453 0.111944 0.104490 10
0 0.277542 0.289688 0.064231 0.051531 12
0 0.103472 0.497867 0.079259 0.094932 13
0 0.118505 0.413919 0.090102 0.071214 14
0 0.080898 0.647385 0.109278 0.053802 15
0 0.033778 0.592549 0.064833 0.073016 16
