0 0.501949 0.523089 0.097472 0.112396 0
0 0.669625 0.451773 0.120306 0.116724 1
0 0.379106 0.418669 0.094898 0.089130 2
0 0.339833 0.513000 0.094704 0.082990 3
0 0.329759 0.351237 0.123537 0.037495 4
0 0.395560 0.271016 0.108398 0.042906 5
0 0.386546 0.242044 0.116556 0.038443 6
0 0.263838 0.912760 0.127046 0.100906 8
0 0.947593 0.663419 0.104815 0.066911 9
0 0.791537 0.713193 0.111944 0.104490 10
0 0.311130 0.284698 0.064241 0.051531 12
0 0.148528 0.485839 0.079259 0.094938 13
0 0.157653 0.403706 0.090102 0.071214 14
0 0.119574 0.634076 0.109278 0.053807 15
0 0.071546 0.589987 0.067556 0.073016 16
