0 0.419653 0.523617 0.097472 0.112401 0
0 0.594204 0.454086 0.120296 0.116724 1
0 0.321611 0.422102 0.094889 0.089130 2
0 0.288190 0.519911 0.094713 0.082990 3
0 0.273241 0.360349 0.123537 0.037490 4
0 0.338514 0.273005 0.108398 0.042906 5
0 0.329657 0.242318 0.116556 0.038448 6
0 0.223792 0.926583 0.127046 0.100906 8
0 0.898329 0.673724 0.110120 0.066906 9
0 0.731417 0.724453 0.111944 0.104490 10
0 0.260755 0.290828 0.064231 0.051531 12
0 0.093704 0.499151 0.079259 0.094937 13
0 0.105264 0.414536 0.090102 0.071208 14
0 0.071380 0.647961 0.109278 0.053807 15
