0 0.877704 0.566159 0.185593 0.131911 81
0 0.656787 0.664193 0.149500 0.123802 86
0 0.428315 0.716643 0.271556 0.213214 94
0 0.560245 0.576589 0.290065 0.116229 95
0 0.912782 0.333406 0.174435 0.091271 97
0 0.841819 0.270388 0.249528 0.075411 98
0 0.480630 0.327529 0.214278 0.068276 99
0 0.218407 0.288359 0.135333 0.057781 100
0 0.951528 0.419440 0.096944 0.081755 101
0 0.766356 0.340544 0.122639 0.076203 102
0 0.508852 0.453513 0.300741 0.092078 103
0 0.693630 0.202180 0.258685 0.100266 104
0 0.113264 0.199609 0.223694 0.089979 105
0 0.178500 0.368776 0.229444 0.091010 106
0 0.246620 0.608669 0.208352 0.132755 107
0 0.155171 0.925375 0.296065 0.099635 108
0 0.701704 0.101099 0.222444 0.101146 109
